58
90
51
35
94
60
9
4
85
80
18
81
53
1
95
27
83
37
79
81
98
55
63
56
98
95
37
26
49
62
34
4
79
56
7
97
60
10
34
41
40
94
97
60
74
22
7
10
23
86
53
28
54
31
34
3
27
96
38
100
24
84
56
23
46
15
3
98
95
99
68
73
4
38
42
4
58
4
82
77
88
28
4
63
9
6
51
49
22
4
70
64
73
34
18
57
39
74
14
60
19
10
15
25
19
80
25
17
89
30
45
24
15
61
12
96
81
93
15
41
65
55
76
91
29
4
1
70
20
86
66
84
90
22
58
79
13
80
45
29
82
34
60
93
60
47
50
12
23
22
76
46
60
74
96
65
34
25
96
15
80
55
97
4
64
61
35
93
3
34
84
1
49
86
59
31
95
84
32
83
55
90
48
98
10
21
25
16
27
94
45
89
84
30
50
27
38
56
29
99
12
